2b7,1
2b7,1
2b7,1
2b7,1
2b7,1
2b7,1
2b7,1
2b7,1
2b7,1
2b7,1
2b7,1
2b7,1
2b7,1
2b7,1
2b7,1
2b7,1
2b7,1
2b7,1
2b7,1
2b7,1
2b7,1
2b7,1
2b7,1
2b7,1
2b7,1
2b7,1
2b7,1
2b7,1
2b7,1
2b7,1
2b7,1
2b7,1
2b7,1
2b7,1
2b7,1
2b7,1
2b7,1
2b7,1
2b7,1
2b7,1
2b7,1
2b7,1
2b7,1
2b7,1
2b7,1
2b7,1
2b7,1
94,1,1,0,1,1,c,0,215,1
8e,1,1b,0,20e,1
8c,1,1,0,1,1,1,0,1,1,18,0,1,1,1,0,1,1,2,0,20a,1
88,1,6,0,1,1,1b,0,1,1,1,0,1,1,3,0,207,1
8b,1,2,0,1,1,1,0,1,1,18,0,1,1,3,0,2,1,1,0,1,1,1,0,206,1
83,1,1,0,1,1,1,0,1,1,5,0,2,1,1b,0,1,1,1,0,1,1,6,0,1,1,2,0,202,1
80,1,2,0,1,1,2,0,3,1,1,0,1,1,3,0,1,1,1,0,1,1,1a,0,1,1,1,0,2,1,1,0,2,1,1,0,2,1,1,0,202,1
7f,1,2,0,1,1,1,0,2,1,5,0,1,1,1,0,2,1,1a,0,2,1,4,0,1,1,5,0,1,1,4,0,1fe,1
7d,1,3,0,1,1,1,0,1,1,3,0,1,1,2,0,1,1,1,0,1,1,2,0,1,1,1b,0,1,1,1,0,2,1,1,0,2,1,1,0,1,1,6,0,1fe,1
7b,1,4,0,1,1,39,0,1,1,1,0,1fc,1
79,1,5,0,1,1,39,0,1,1,5,0,1f9,1
78,1,1,0,1,1,1,0,2,1,3c,0,3,1,1,0,1fa,1
77,1,4,0,1,1,1,0,1,1,1,0,1,1,38,0,2,1,3,0,1,1,1,0,1f8,1
76,1,1,0,4,1,3d,0,1,1,1,0,3,1,1,0,1,1,1,0,1,1,1,0,1f5,1
74,1,2,0,1,1,3,0,1,1,2,0,1,1,1,0,1,1,39,0,1,1,1,0,1,1,1,0,1,1,3,0,1,1,1,0,1f4,1
74,1,2,0,1,1,1,0,2,1,3,0,1,1,3a,0,1,1,2,0,2,1,2,0,1,1,1,0,1,1,2,0,1f3,1
73,1,1,0,1,1,2,0,1,1,2,0,1,1,4,0,1,1,39,0,2,1,1,0,2,1,1,0,1,1,5,0,1f2,1
71,1,2,0,1,1,2,0,1,1,4c,0,2,1,1,0,9a,1,3,0,154,1
70,1,1,0,2,1,1,0,1,1,4b,0,1,1,1,0,1,1,2,0,9a,1,4,0,1,1,2,0,151,1
71,1,4,0,3,1,4b,0,2,1,1,0,1,1,1,0,9a,1,2,0,2,1,1,0,1,1,1,0,14e,1
6f,1,1,0,1,1,3,0,1,1,4b,0,1,1,1,0,1,1,2,0,1,1,1,0,98,1,3,0,1,1,3,0,1,1,2,0,2,1,1,0,14b,1
6d,1,1,0,1,1,2,0,1,1,1,0,2,1,1,0,1,1,4b,0,1,1,1,0,2,1,1,0,1,1,1,0,98,1,2,0,1,1,2,0,1,1,1,0,1,1,2,0,1,1,3,0,148,1
6d,1,2,0,1,1,1,0,2,1,2,0,1,1,1,0,1,1,48,0,1,1,1,0,2,1,3,0,2,1,1,0,99,1,2,0,1,1,1,0,2,1,1,0,2,1,1,0,1,1,3,0,146,1
6c,1,1,0,1,1,2,0,1,1,2,0,2,1,50,0,1,1,5,0,9b,1,3,0,1,1,4,0,4,1,1,0,1,1,1,0,142,1
6c,1,5,0,2,1,2,0,1,1,1,0,1,1,49,0,2,1,3,0,1,1,1,0,1,1,1,0,1,1,1,0,9d,1,1,0,1,1,3,0,1,1,3,0,1,1,2,0,1,1,2,0,13f,1
6a,1,3,0,1,1,5b,0,2,1,1,0,a0,1,2,0,1,1,2,0,2,1,1,0,2,1,1,0,2,1,2,0,13c,1
69,1,1,0,2,1,1,0,1,1,1,0,1,1,5a,0,1,1,3,0,a0,1,1,0,1,1,2,0,2,1,1,0,1,1,3,0,1,1,2,0,13b,1
6a,1,2,0,2,1,5b,0,1,1,1,0,1,1,1,0,a4,1,1,0,1,1,1,0,1,1,1,0,1,1,2,0,1,1,1,0,2,1,2,0,1,1,1,0,136,1
68,1,2,0,2,1,1,0,2,1,5a,0,1,1,2,0,1,1,2,0,a5,1,3,0,2,1,1,0,1,1,3,0,1,1,2,0,2,1,1,0,133,1
68,1,2,0,2,1,5c,0,1,1,1,0,2,1,1,0,1,1,1,0,a8,1,2,0,1,1,1,0,1,1,3,0,2,1,2,0,1,1,3,0,130,1
6a,1,1,0,1,1,1,0,3,1,58,0,2,1,5,0,ac,1,2,0,1,1,1,0,2,1,1,0,2,1,1,0,1,1,2,0,12f,1
67,1,2,0,2,1,1,0,1,1,5b,0,1,1,1,0,1,1,3,0,1,1,2,0,ac,1,4,0,1,1,4,0,2,1,2,0,1,1,1,0,12b,1
66,1,2,0,1,1,1,0,1,1,2,0,1,1,1,0,1,1,5b,0,1,1,1,0,2,1,1,0,b1,1,1,0,1,1,3,0,1,1,1,0,2,1,1,0,1,1,3,0,128,1
66,1,1,0,1,1,6a,0,b2,1,2,0,1,1,2,0,2,1,1,0,2,1,1,0,1,1,2,0,125,1
65,1,6c,0,b5,1,1,0,1,1,2,0,2,1,1,0,1,1,3,0,1,1,1,0,1,1,1,0,122,1
64,1,2,0,1,1,6b,0,b7,1,1,0,1,1,1,0,1,1,1,0,1,1,3,0,1,1,1,0,1,1,2,0,120,1
64,1,6d,0,1,1,1,0,b9,1,3,0,3,1,2,0,1,1,1,0,1,1,3,0,11d,1
64,1,1,0,1,1,1,0,1,1,6a,0,bd,1,3,0,1,1,6,0,1,1,1,0,1,1,2,0,119,1
64,1,2,0,1,1,69,0,1,1,2,0,c1,1,1,0,1,1,2,0,1,1,1,0,2,1,2,0,1,1,1,0,117,1
63,1,1,0,3,1,69,0,1,1,1,0,c3,1,2,0,1,1,1,0,1,1,2,0,1,1,5,0,1,1,1,0,113,1
62,1,6f,0,1,1,1,0,c5,1,1,0,2,1,2,0,1,1,1,0,3,1,1,0,1,1,3,0,110,1
62,1,4,0,1,1,6a,0,1,1,1,0,c7,1,2,0,2,1,1,0,1,1,1,0,2,1,3,0,1,1,3,0,10d,1
62,1,5,0,1,1,69,0,1,1,1,0,1,1,1,0,c8,1,1,0,1,1,1,0,1,1,2,0,1,1,1,0,1,1,1,0,1,1,1,0,2,1,1,0,10b,1
61,1,2,0,1,1,2,0,1,1,69,0,1,1,3,0,1,1,1,0,ca,1,1,0,2,1,3,0,1,1,1,0,1,1,2,0,2,1,1,0,1,1,1,0,107,1
62,1,5,0,1,1,6a,0,1,1,2,0,cf,1,2,0,2,1,1,0,2,1,7,0,105,1
61,1,3,0,2,1,1,0,1,1,68,0,1,1,3,0,1,1,1,0,d0,1,2,0,1,1,1,0,2,1,1,0,1,1,1,0,1,1,1,0,1,1,1,0,1,1,2,0,101,1
62,1,1,0,1,1,1,0,1,1,6b,0,3,1,2,0,d3,1,3,0,2,1,2,0,1,1,1,0,2,1,2,0,1,1,1,0,ff,1
60,1,4,0,1,1,2,0,1,1,6c,0,1,1,2,0,d5,1,5,0,1,1,2,0,1,1,4,0,1,1,1,0,fc,1
60,1,1,0,1,1,1,0,1,1,2,0,1,1,6c,0,1,1,2,0,d9,1,2,0,2,1,2,0,1,1,1,0,3,1,2,0,1,1,1,0,f9,1
60,1,70,0,1,1,4,0,1,1,1,0,db,1,2,0,2,1,1,0,1,1,1,0,2,1,3,0,1,1,2,0,f6,1
60,1,70,0,1,1,4,0,1,1,1,0,de,1,1,0,1,1,1,0,1,1,2,0,1,1,1,0,1,1,1,0,1,1,1,0,1,1,1,0,f4,1
60,1,72,0,2,1,3,0,e1,1,1,0,2,1,3,0,1,1,2,0,1,1,2,0,2,1,1,0,f0,1
60,1,70,0,2,1,1,0,1,1,1,0,1,1,1,0,e5,1,2,0,2,1,2,0,2,1,2,0,1,1,3,0,ed,1
5f,1,73,0,1,1,3,0,1,1,1,0,e6,1,3,0,1,1,2,0,2,1,2,0,2,1,2,0,eb,1
60,1,70,0,2,1,2,0,2,1,1,0,ea,1,1,0,2,1,2,0,1,1,2,0,1,1,3,0,2,1,1,0,e7,1
5f,1,73,0,1,1,1,0,1,1,3,0,ed,1,1,0,1,1,1,0,1,1,1,0,1,1,1,0,1,1,2,0,1,1,1,0,1,1,1,0,e4,1
5f,1,77,0,1,1,1,0,ef,1,2,0,1,1,3,0,2,1,1,0,1,1,1,0,2,1,2,0,e1,1
5f,1,79,0,f2,1,1,0,1,1,2,0,3,1,1,0,1,1,2,0,2,1,2,0,de,1
5f,1,79,0,f5,1,1,0,1,1,1,0,1,1,2,0,1,1,2,0,1,1,5,0,db,1
5f,1,79,0,f8,1,1,0,1,1,2,0,1,1,2,0,1,1,2,0,2,1,3,0,d8,1
5f,1,79,0,fa,1,2,0,1,1,1,0,1,1,1,0,1,1,1,0,1,1,1,0,2,1,1,0,1,1,2,0,d5,1
5f,1,79,0,fe,1,7,0,2,1,1,0,2,1,2,0,d3,1
5f,1,79,0,100,1,1,0,1,1,1,0,2,1,2,0,1,1,1,0,1,1,3,0,2,1,1,0,cf,1
5f,1,79,0,104,1,1,0,2,1,1,0,1,1,1,0,1,1,1,0,1,1,2,0,1,1,1,0,1,1,1,0,cc,1
5f,1,79,0,106,1,3,0,1,1,3,0,2,1,1,0,1,1,1,0,2,1,2,0,c9,1
5f,1,72,0,1,1,1,0,1,1,3,0,10a,1,3,0,1,1,1,0,3,1,1,0,1,1,2,0,2,1,1,0,c7,1
5f,1,72,0,1,1,1,0,3,1,2,0,10c,1,1,0,1,1,2,0,1,1,2,0,1,1,2,0,1,1,1,0,1,1,2,0,c4,1
60,1,70,0,1,1,1,0,1,1,4,0,111,1,1,0,1,1,2,0,1,1,2,0,1,1,2,0,1,1,1,0,c3,1
60,1,70,0,1,1,3,0,1,1,2,0,113,1,2,0,1,1,1,0,1,1,6,0,1,1,3,0,be,1
60,1,71,0,2,1,1,0,1,1,2,0,117,1,3,0,1,1,1,0,1,1,2,0,3,1,3,0,bb,1
60,1,71,0,1,1,1,0,1,1,3,0,11a,1,2,0,1,1,1,0,1,1,3,0,1,1,1,0,1,1,1,0,1,1,1,0,b8,1
60,1,72,0,1,1,1,0,1,1,1,0,11d,1,1,0,1,1,1,0,1,1,3,0,1,1,1,0,2,1,2,0,1,1,1,0,b5,1
60,1,70,0,2,1,1,0,1,1,1,0,121,1,2,0,1,1,1,0,2,1,1,0,2,1,2,0,1,1,2,0,b3,1
62,1,4,0,1,1,6a,0,1,1,2,0,1,1,1,0,123,1,3,0,1,1,1,0,2,1,1,0,1,1,3,0,1,1,1,0,b0,1
61,1,3,0,1,1,6e,0,1,1,1,0,127,1,1,0,1,1,2,0,2,1,4,0,1,1,4,0,ac,1
61,1,1,0,1,1,1,0,1,1,2,0,1,1,69,0,3,1,2,0,12a,1,2,0,1,1,1,0,2,1,1,0,2,1,1,0,1,1,2,0,aa,1
62,1,1,0,1,1,2,0,1,1,6e,0,12c,1,3,0,1,1,2,0,2,1,3,0,1,1,1,0,1,1,2,0,a6,1
63,1,4,0,1,1,68,0,1,1,1,0,1,1,1,0,130,1,1,0,2,1,2,0,1,1,3,0,1,1,1,0,2,1,3,0,a3,1
62,1,2,0,2,1,6b,0,1,1,1,0,1,1,1,0,132,1,1,0,1,1,2,0,2,1,1,0,1,1,2,0,1,1,1,0,1,1,1,0,1,1,1,0,a0,1
64,1,2,0,2,1,68,0,2,1,2,0,138,1,2,0,1,1,3,0,1,1,1,0,2,1,2,0,1,1,1,0,9d,1
65,1,6e,0,13a,1,2,0,2,1,1,0,2,1,1,0,2,1,2,0,1,1,2,0,9b,1
63,1,2,0,2,1,69,0,3,1,1,0,13c,1,2,0,1,1,2,0,1,1,3,0,1,1,3,0,1,1,1,0,98,1
64,1,2,0,1,1,69,0,1,1,1,0,1,1,1,0,13f,1,1,0,1,1,1,0,4,1,4,0,1,1,3,0,95,1
64,1,3,0,1,1,69,0,1,1,1,0,144,1,3,0,1,1,1,0,2,1,1,0,2,1,1,0,1,1,2,0,92,1
67,1,69,0,1,1,1,0,147,1,3,0,1,1,2,0,1,1,1,0,1,1,2,0,1,1,2,0,90,1
65,1,2,0,1,1,68,0,1,1,1,0,14a,1,1,0,2,1,2,0,1,1,3,0,1,1,2,0,1,1,1,0,8d,1
67,1,6b,0,14d,1,1,0,1,1,1,0,2,1,2,0,3,1,2,0,1,1,2,0,89,1
67,1,69,0,152,1,2,0,1,1,5,0,1,1,1,0,2,1,1,0,88,1
66,1,6b,0,154,1,4,0,1,1,5,0,88,1
67,1,1,0,1,1,2,0,2,1,2,0,1,1,58,0,1,1,1,0,1,1,1,0,1,1,2,0,15b,1,2,0,1,1,2,0,88,1
67,1,3,0,2,1,1,0,2,1,5a,0,3,1,1,0,1,1,2,0,15c,1,2,0,89,1
69,1,1,0,1,1,1,0,2,1,5d,0,1ec,1
6a,1,2,0,1,1,1,0,2,1,58,0,1,1,1,0,1,1,3,0,1e9,1
69,1,1,0,1,1,3,0,1,1,5a,0,1,1,2,0,1eb,1
6a,1,1,0,3,1,5c,0,1,1,2,0,1ea,1
6b,1,3,0,2,1,58,0,1,1,1,0,1,1,1,0,1eb,1
6e,1,5d,0,1ec,1
6d,1,2,0,1,1,2,0,1,1,1,0,1,1,2,0,1,1,4a,0,1,1,1,0,1,1,1,0,2,1,3,0,1ec,1
6d,1,1,0,1,1,1,0,3,1,2,0,1,1,4a,0,2,1,2,0,1,1,4,0,1ee,1
6e,1,6,0,1,1,2,0,1,1,4d,0,1f2,1
70,1,1,0,3,1,3,0,1,1,49,0,1,1,1,0,2,1,2,0,1f0,1
71,1,5,0,1,1,4e,0,1f2,1
73,1,1,0,2,1,1,0,1,1,49,0,1,1,2,0,1,1,1,0,1f1,1
72,1,1,0,1,1,2,0,1,1,4e,0,1f2,1
74,1,1,0,1,1,4c,0,1f5,1
75,1,3,0,1,1,2,0,1,1,2,0,1,1,39,0,1,1,3,0,1,1,1,0,1,1,4,0,1f4,1
76,1,1,0,1,1,2,0,1,1,3,0,2,1,3a,0,1,1,2,0,1,1,3,0,1f6,1
77,1,1,0,1,1,1,0,1,1,1,0,2,1,3b,0,1,1,1,0,1,1,1,0,1,1,2,0,1f7,1
7a,1,1,0,2,1,1,0,2,1,38,0,1,1,1,0,1,1,4,0,1f8,1
79,1,1,0,1,1,3,0,1,1,3a,0,1,1,1,0,1,1,2,0,1f9,1
7b,1,1,0,2,1,1,0,1,1,38,0,1,1,2,0,1fc,1
7d,1,1,0,1,1,39,0,2,1,1,0,1fc,1
7e,1,1,0,1,1,39,0,1fe,1
80,1,1,0,2,1,2,0,1,1,3,0,1,1,1,0,1,1,1,0,1,1,6,0,1,1,1,0,1,1,a,0,1,1,3,0,1,1,6,0,1,1,1,0,2,1,1,0,1,1,2,0,1,1,1,0,201,1
82,1,1,0,2,1,1,0,1,1,2,0,1,1,1,0,1,1,2,0,4,1,2,0,2,1,a,0,1,1,1,0,1,1,3,0,1,1,1,0,2,1,2,0,1,1,1,0,1,1,1,0,1,1,2,0,1,1,1,0,202,1
87,1,1,0,1,1,e,0,1,1,8,0,1,1,3,0,1,1,1,0,2,1,2,0,2,1,1,0,1,1,1,0,2,1,1,0,205,1
88,1,2,0,4,1,1,0,4,1,1,0,1,1,c,0,1,1,1,0,2,1,1,0,1,1,1,0,1,1,2,0,2,1,3,0,207,1
8a,1,4,0,1,1,4,0,1,1,2,0,2,1,a,0,1,1,1,0,1,1,1,0,1,1,3,0,1,1,2,0,20a,1
91,1,1,0,1,1,1,0,1,1,1,0,1,1,e,0,1,1,1,0,1,1,1,0,20e,1
94,1,1,0,1,1,1,0,1,1,9,0,216,1
2b7,1
2b7,1
2b7,1
2b7,1
2b7,1
2b7,1
2b7,1
2b7,1
2b7,1
2b7,1
2b7,1
2b7,1
2b7,1
2b7,1
2b7,1
2b7,1
2b7,1
2b7,1
2b7,1
2b7,1
2b7,1
2b7,1
2b7,1
2b7,1
2b7,1
2b7,1
2b7,1
2b7,1
2b7,1
2b7,1
2b7,1
2b7,1
2b7,1
2b7,1
2b7,1
2b7,1
2b7,1
18f,1,1,0,127,1
190,1,80,0,a7,1
18f,1,81,0,a7,1
18f,1,81,0,a7,1
18f,1,81,0,a7,1
18f,1,81,0,a7,1
18f,1,81,0,a7,1
18f,1,81,0,a7,1
18f,1,81,0,a7,1
18f,1,81,0,a7,1
18f,1,81,0,a7,1
18f,1,81,0,a7,1
18f,1,81,0,a7,1
18f,1,81,0,a7,1
18f,1,81,0,a7,1
18f,1,81,0,a7,1
18f,1,81,0,a7,1
18f,1,81,0,a7,1
18f,1,81,0,a7,1
18f,1,81,0,a7,1
18f,1,81,0,a7,1
18f,1,81,0,a7,1
18f,1,81,0,a7,1
18f,1,81,0,a7,1
18f,1,81,0,a7,1
18f,1,81,0,a7,1
18f,1,81,0,a7,1
18f,1,81,0,a7,1
18f,1,81,0,a7,1
18f,1,81,0,a7,1
18f,1,81,0,a7,1
18f,1,81,0,a7,1
18f,1,81,0,a7,1
18f,1,81,0,a7,1
18f,1,81,0,a7,1
18f,1,81,0,a7,1
18f,1,81,0,a7,1
18f,1,81,0,a7,1
18f,1,81,0,a7,1
18f,1,81,0,a7,1
18f,1,81,0,a7,1
18f,1,81,0,a7,1
18f,1,81,0,a7,1
18f,1,81,0,a7,1
18f,1,81,0,a7,1
18f,1,81,0,a7,1
18f,1,81,0,a7,1
18f,1,81,0,a7,1
18f,1,81,0,a7,1
18f,1,81,0,a7,1
18f,1,81,0,a7,1
18f,1,81,0,a7,1
d2,1,1,0,1,1,1,0,1,1,24,0,1,1,1,0,1,1,1,0,91,1,81,0,a7,1
d1,1,5,0,2,1,20,0,2,1,5,0,90,1,81,0,a7,1
d2,1,2,0,2,1,24,0,2,1,2,0,91,1,81,0,a7,1
d1,1,1,0,1,1,2,0,1,1,1,0,1,1,20,0,1,1,1,0,1,1,2,0,1,1,1,0,90,1,81,0,a7,1
d1,1,2,0,1,1,1,0,2,1,22,0,2,1,1,0,1,1,2,0,90,1,81,0,a7,1
d2,1,2,0,1,1,2,0,1,1,20,0,1,1,2,0,1,1,2,0,91,1,81,0,a7,1
d3,1,2,0,2,1,22,0,2,1,2,0,92,1,81,0,a7,1
d1,1,2,0,1,1,28,0,1,1,2,0,90,1,81,0,a7,1
d1,1,2e,0,90,1,81,0,a7,1
d1,1,2e,0,90,1,81,0,a7,1
d1,1,2e,0,90,1,81,0,a7,1
d1,1,2e,0,90,1,81,0,a7,1
d1,1,2e,0,90,1,81,0,a7,1
d1,1,2e,0,90,1,81,0,a7,1
d1,1,2e,0,90,1,81,0,a7,1
d1,1,2e,0,90,1,81,0,a7,1
d1,1,2e,0,90,1,81,0,a7,1
d1,1,2e,0,90,1,81,0,a7,1
d1,1,2e,0,90,1,81,0,a7,1
d1,1,2e,0,90,1,81,0,a7,1
d1,1,2e,0,90,1,81,0,a7,1
d1,1,2e,0,90,1,81,0,a7,1
d1,1,2e,0,90,1,81,0,a7,1
d1,1,2e,0,90,1,81,0,a7,1
d1,1,2e,0,90,1,81,0,a7,1
d1,1,2e,0,90,1,81,0,a7,1
d1,1,2e,0,90,1,81,0,a7,1
d1,1,2e,0,90,1,81,0,a7,1
d1,1,2e,0,90,1,81,0,a7,1
d1,1,2e,0,90,1,81,0,a7,1
d1,1,2e,0,90,1,81,0,a7,1
d1,1,2e,0,90,1,81,0,a7,1
d1,1,2e,0,90,1,81,0,a7,1
d1,1,2e,0,90,1,81,0,a7,1
d1,1,2e,0,90,1,81,0,a7,1
d1,1,2e,0,90,1,81,0,a7,1
d1,1,2e,0,90,1,81,0,a7,1
d1,1,2e,0,90,1,81,0,a7,1
d1,1,2e,0,90,1,81,0,a7,1
d1,1,2e,0,90,1,81,0,a7,1
d1,1,2e,0,90,1,81,0,a7,1
d1,1,2e,0,90,1,81,0,a7,1
d1,1,2e,0,90,1,81,0,a7,1
d1,1,2e,0,90,1,81,0,a7,1
d1,1,2e,0,90,1,81,0,a7,1
d1,1,2e,0,90,1,81,0,a7,1
d1,1,2e,0,90,1,81,0,a7,1
d1,1,2e,0,90,1,81,0,a7,1
be,1,3,0,2,1,2,0,1,1,1,0,1,1,4a,0,7d,1,81,0,a7,1
bd,1,1,0,3,1,2,0,2,1,4b,0,2,1,1,0,7c,1,81,0,a7,1
bf,1,2,0,2,1,2,0,1,1,1,0,1,1,49,0,7e,1,81,0,a7,1
bd,1,2,0,1,1,1,0,1,1,1,0,2,1,1,0,1,1,49,0,1,1,2,0,7c,1,81,0,a7,1
be,1,2,0,1,1,3,0,1,1,4d,0,7d,1,81,0,a7,1
c1,1,4,0,3,1,48,0,7f,1,81,0,a7,1
c0,1,1,0,2,1,1,0,1,1,4b,0,7f,1,81,0,a7,1
c1,1,2,0,1,1,2,0,1,1,49,0,7f,1,81,0,a7,1
c1,1,2,0,1,1,3,0,1,1,41,0,2,1,2,0,1,1,1,0,80,1,81,0,a7,1
c3,1,3,0,1,1,41,0,1,1,3,0,1,1,1,0,81,1,81,0,a7,1
c4,1,1,0,1,1,44,0,1,1,1,0,83,1,81,0,a7,1
c4,1,1,0,3,1,40,0,1,1,1,0,1,1,1,0,83,1,81,0,a7,1
c6,1,45,0,84,1,81,0,a7,1
c7,1,41,0,1,1,1,0,85,1,81,0,a7,1
c7,1,42,0,86,1,81,0,a7,1
c7,1,41,0,87,1,81,0,a7,1
c9,1,5,0,1,1,33,0,1,1,1,0,2,1,2,0,87,1,81,0,a7,1
c9,1,1,0,2,1,1,0,1,1,1,0,1,1,31,0,1,1,2,0,1,1,2,0,88,1,81,0,a7,1
ca,1,4,0,1,1,32,0,1,1,1,0,1,1,2,0,89,1,81,0,a7,1
cb,1,2,0,1,1,32,0,1,1,4,0,8a,1,81,0,a7,1
cc,1,3,0,1,1,31,0,2,1,2,0,8a,1,81,0,a7,1
cf,1,34,0,8c,1,81,0,a7,1
ce,1,1,0,1,1,30,0,1,1,1,0,8d,1,81,0,a7,1
cf,1,31,0,1,1,1,0,8d,1,81,0,a7,1
cf,1,1,0,1,1,2,0,1,1,3,0,1,1,20,0,1,1,1,0,2,1,2,0,2,1,1,0,8e,1,81,0,a7,1
d0,1,1,0,2,1,1,0,2,1,22,0,3,1,1,0,2,1,2,0,8f,1,81,0,a7,1
d1,1,3,0,2,1,1,0,1,1,20,0,1,1,1,0,2,1,1,0,92,1,81,0,a7,1
d4,1,2,0,1,1,22,0,1,1,1,0,1,1,2,0,91,1,81,0,a7,1
d3,1,2,0,1,1,22,0,1,1,1,0,2,1,1,0,92,1,81,0,a7,1
d5,1,1,0,2,1,21,0,2,1,2,0,92,1,81,0,a7,1
d5,1,1,0,1,1,22,0,1,1,1,0,94,1,81,0,a7,1
d5,1,1,0,2,1,20,0,1,1,2,0,94,1,81,0,a7,1
d7,1,2,0,1,1,3,0,1,1,14,0,1,1,1,0,1,1,1,0,2,1,2,0,96,1,80,0,a7,1
d7,1,1,0,1,1,1,0,2,1,1,0,1,1,12,0,2,1,2,0,1,1,3,0,97,1,1,0,127,1
d8,1,1,0,2,1,4,0,1,1,15,0,3,1,1,0,97,1,80,0,a7,1
d9,1,2,0,2,1,2,0,1,1,11,0,1,1,1,0,2,1,2,0,98,1,1,0,127,1
da,1,3,0,2,1,16,0,9a,1,81,0,a7,1
dc,1,1,0,1,1,1,0,1,1,11,0,1,1,2,0,1,1,1,0,99,1,81,0,a7,1
dc,1,2,0,1,1,16,0,1c2,1
dd,1,2,0,1,1,12,0,1c5,1
dd,1,4,0,1,1,2,0,1,1,2,0,2,1,1,0,2,1,1,0,1,1,4,0,1c5,1
df,1,1,0,1,1,1,0,2,1,1,0,1,1,2,0,2,1,2,0,1,1,1,0,4,1,1,0,1c4,1
e1,1,1,0,1,1,2,0,1,1,1,0,1,1,1,0,4,1,1,0,1,1,2,0,1c6,1
e0,1,2,0,1,1,2,0,1,1,1,0,2,1,2,0,1,1,1,0,1,1,1,0,1,1,1,0,1c6,1
e2,1,2,0,1,1,1,0,1,1,2,0,2,1,4,0,1c8,1
e2,1,1,0,1,1,1,0,1,1,1,0,5,1,1,0,1ca,1
e3,1,1,0,2,1,5,0,2,1,1,0,1c9,1
e4,1,3,0,1,1,1,0,1,1,4,0,1c9,1
e5,1,2,0,1,1,5,0,1ca,1
e5,1,1,0,1,1,2,0,1,1,2,0,1cb,1
e6,1,3,0,1,1,1,0,1cc,1
e9,1,1,0,1cd,1
2b7,1
2b7,1
2b7,1
2b7,1
2b7,1
2b7,1
2b7,1
2b7,1
2b7,1
2b7,1
2b7,1
2b7,1
2b7,1
2b7,1
2b7,1
2b7,1
2b7,1
2b7,1
2b7,1
2b7,1
2b7,1
2b7,1
2b7,1
2b7,1
2b7,1
2b7,1
2b7,1
2b7,1
2b7,1
2b7,1
2b7,1
2b7,1
2b7,1
2b7,1
2b7,1
2b7,1
2b7,1
2b7,1
2b7,1
2b7,1
2b7,1
2b7,1
2b7,1
2b7,1
2b7,1
2b7,1
2b7,1
2b7,1
2b7,1
2b7,1
2b7,1
2b7,1
2b7,1
2b7,1
2b7,1
2b7,1
2b7,1
2b7,1
2b7,1
2b7,1
2b7,1
2b7,1
2b7,1
2b7,1
2b7,1
2b7,1
2b7,1
2b7,1
2b7,1
2b7,1
2b7,1
2b7,1
2b7,1
2b7,1
2b7,1
2b7,1
2b7,1
2b7,1
2b7,1
2b7,1
2b7,1
2b7,1
2b7,1
2b7,1
2b7,1
2b7,1
2b7,1
2b7,1
2b7,1
2b7,1
2b7,1
2b7,1
2b7,1
2b7,1
2b7,1
2b7,1
2b7,1
2b7,1
2b7,1
2b7,1
2b7,1
2b7,1
2b7,1
2b7,1
2b7,1
2b7,1
2b7,1
2b7,1
2b7,1
2b7,1
2b7,1
2b7,1
2b7,1
2b7,1
2b7,1
2b7,1
2b7,1
2b7,1
2b7,1
2b7,1
2b7,1
2b7,1
2b7,1
2b7,1
2b7,1
2b7,1
2b7,1
2b7,1
